sol1 = [2.3213; 1.9346; 0.0145; 4.3097; 1.1793; -0.0224; 1.6110];
sol2 = [sqrt((25+sqrt(301))/2);  sqrt((25-sqrt(301))/2)];
sol3 = [0.2261; -0.0806]; % u0 = 0.2261, u1=-0.0806